3,2
3,1
3,3
10,311
10,25
10,173
10,21
10,193
10,127
10,269
11,19
11,9
11,5
8,5
8,9
8,2
8,3
2,2
2,1
2,3
39,3
39,1
38,3
38,1
34,3
34,1
25,4
25,3
25,1
24,3
24,1
20,3
20,2
20,1
19,3
19,2
19,1
18,3
18,1
14,3
14,1
13,3
13,1
12,3
12,2
12,1
11,29
11,27
11,26
11,25
11,24
11,23
11,21
11,20
11,18
11,17
11,15
11,13
11,12
11,11
11,10
11,8
11,7
11,3
11,2
11,1
10,306
10,288
10,283
10,275
10,249
10,245
10,233
10,228
10,215
10,213
10,203
10,201
10,200
10,195
10,177
10,163
10,159
10,149
10,138
10,118
10,113
10,107
10,98
10,97
10,95
10,75
10,73
10,71
10,67
10,33
10,31
10,18
10,3
10,2
10,1
9,7
